30417
24000
23577
23567
23944
24894
23328
23253
23728
23166
24216
23028
23861
23453
22944
23181
23268
24958
23513
24614
23044
23422
23653
22981
25052
23650
23550
22861
23047
23413
23808
24976
22940
23749
22648
23003
23962
23282
23766
23294
23816
23107
22811
23060
23085
23523
23343
23685
22815
22879
24006
23603
23978
23410
23518
23403
23201
23158
22872
24727
22899
23182
23241
23138
24276
23292
24704
24061
23014
23484
23495
23646
23890
24016
23282
23227
22876
22744
23536
23425
23407
22581
22954
22905
22885
23840
23214
22979
22926
23005
23471
22701
23432
22827
22933
24144
23221
24828
22903
23177
23318
22899
24265
22792
26003
23515
23049
24322
23499
24218
23699
23295
22763
22691
23111
24597
23644
22726
23426
26505
22945
27177
23148
23917
22975
23140
23239
23061
24078
23401
23960
22788
22904
23254
22938
24288
23178
23774
23116
23433
23437
23240
25208
22985
23544
23211
22913
24209
23128
24531
23132
23188
23032
23573
24460
22895
24096
23400
22999
23490
22895
25771
23337
24552
23021
23484
25137
23517
24822
23130
24359
22922
23052
23246
23794
24415
22968
23891
23450
22860
23573
22900
25145
23141
23466
22515
23070
24245
22793
23613
22698
22816
22929
22612
24872
23454
23627
22856
23754
22931
23323
23668
22852
22826
23023
22552
23830
23184
23593
22901
23307
22992
23431
24003
23726
26880
23178
23028
23092
23601
24011
22923
24610
23226
22981
23770
23215
24025
22773
25477
22960
23714
23525
23627
24139
23214
24112
23387
22978
25985
