0.00641012191772
0.01261591911316
0.01037430763245
0.01486420631409
0.01466917991638
0.01437497138977
0.00767230987549
0.01683187484741
0.01656746864319
0.01608514785767
0.00892066955566
0.01797795295715
0.01731157302856
0.01696848869324
0.01114296913147
0.01549005508423
0.01512742042542
0.01482200622559
0.00829076766968
0.01730704307556
0.01719403266907
0.01654458045959
0.01044487953186
0.01480174064636
0.01488041877747
0.01464557647705
0.0078444480896
0.01664662361145
0.016282081604
0.01594352722168
0.00981187820435
0.01408815383911
0.01422810554504
0.01416826248169
0.00838184356689
0.0181987285614
0.01741719245911
0.01772499084473
0.01156616210938
0.01597452163696
0.0158154964447
0.01570892333984
0.0100793838501
0.0143609046936
0.01436305046082
0.01492118835449
0.00902104377747
0.01780581474304
0.01766419410706
0.01741600036621
0.01140379905701
0.01625299453735
0.01607465744019
0.01606440544128
0.0101580619812
0.01489019393921
0.01519012451172
0.01525282859802
0.00981593132019
0.01406574249268
0.01403069496155
0.01391339302063
0.00821352005005
0.0172483921051
0.01671648025513
0.0164647102356
0.0104284286499
0.01489424705505
0.01541948318481
0.01561594009399
0.00930285453796
0.01384139060974
0.01800799369812
0.01818752288818
0.00806546211243
0.01683497428894
0.01713132858276
0.01691627502441
0.01053786277771
0.01438546180725
0.01430368423462
0.0142514705658
0.00782155990601
0.01695728302002
0.01669573783875
0.01692724227905
0.01055502891541
0.01515746116638
0.01502132415771
0.01541972160339
0.00905227661133
0.01411938667297
0.01400589942932
0.01423740386963
0.00832772254944
0.01773452758789
0.0174548625946
0.01731371879578
0.01107859611511
0.0152542591095
0.01514101028442
0.01511812210083
0.00902819633484
0.01332020759583
0.0137825012207
0.01807308197021
0.01196479797363
0.01682376861572
0.01674485206604
0.0165753364563
0.01051068305969
0.01513671875
0.01472735404968
0.01527690887451
0.00909423828125
0.01826071739197
0.01804971694946
0.01806807518005
0.01185011863708
0.01623821258545
0.01577091217041
0.01584672927856
0.00991940498352
0.01439881324768
0.01424407958984
0.01379680633545
0.00806093215942
0.01698732376099
0.01680397987366
0.01716279983521
0.01101183891296
0.016361951828
0.01655030250549
0.01689219474792
0.01070404052734
0.01592135429382
0.0157036781311
0.01551365852356
0.00897574424744
0.01370882987976
0.01369214057922
0.01818370819092
0.01124334335327
0.01587700843811
0.01548004150391
0.0156409740448
0.00992798805237
0.0141761302948
0.01400661468506
0.0138885974884
0.00773191452026
0.01739096641541
0.0169243812561
0.01698446273804
0.01077246665955
0.0152325630188
0.01534557342529
0.01522374153137
0.00936961174011
0.01431131362915
0.01460456848145
0.01435565948486
0.00824332237244
0.0177435874939
0.01779937744141
0.01790308952332
0.01105999946594
0.01549220085144
0.01476073265076
0.01480317115784
0.00832843780518
0.01765155792236
0.01733183860779
0.01712846755981
0.01062154769897
0.01518058776855
0.01512026786804
0.01477837562561
0.00870442390442
0.01789712905884
0.01378512382507
0.01455855369568
0.00832772254944
0.01783347129822
0.01799154281616
0.0176100730896
0.01162648200989
0.01644253730774
0.01723337173462
0.01768398284912
0.01114559173584
0.01549673080444
0.01580667495728
0.0164589881897
0.01077175140381
0.01505327224731
0.01526379585266
0.01565790176392
0.00932002067566
0.01370763778687
0.01384568214417
0.01361703872681
0.01219081878662
0.01692938804626
0.01734638214111
0.01747679710388
0.01175951957703
0.01641750335693
0.01638603210449
0.01680731773376
0.01040434837341
0.01476383209229
0.01447319984436
0.01471424102783
0.00890636444092
0.01376032829285
0.0137996673584
0.01367902755737
0.01194453239441
0.01673555374146
0.01649689674377
0.01642179489136
0.01000046730042
0.01437711715698
0.01427674293518
0.0145149230957
0.00838470458984
0.01708006858826
0.01701259613037
0.01715064048767
0.01111006736755
0.01571393013
0.01495718955994
0.01544761657715
0.00966143608093
0.01382517814636
0.01358318328857
0.01784300804138
0.01200485229492
0.01673936843872
0.01628589630127
0.01653575897217
0.01035380363464
0.01452422142029
0.01433134078979
0.01397681236267
0.01167988777161
0.01611113548279
0.01645135879517
0.01688313484192
0.01118540763855
0.01611161231995
0.01619672775269
0.01667881011963
0.01088881492615
0.01516032218933
0.01525235176086
0.0137414932251
0.01097941398621
0.01511907577515
0.01422786712646
0.01348686218262
0.01109218597412
0.01530766487122
0.01477265357971
0.01495385169983
0.00931644439697
0.01436710357666
0.01377296447754
0.01381540298462
0.01181602478027
0.01600623130798
0.01608896255493
0.01604390144348
0.0102105140686
0.01457929611206
0.01470375061035
0.0142228603363
0.00869202613831
0.01757574081421
0.0179545879364
0.01820206642151
0.01180744171143
0.01655745506287
0.01655578613281
0.01666641235352
0.01140999794006
0.01601839065552
0.01667189598083
0.01703405380249
0.01075482368469
0.01526570320129
0.01556038856506
0.01588368415833
0.00989270210266
0.01434087753296
0.01443314552307
0.01531100273132
0.01004910469055
0.01493501663208
0.01502084732056
0.0152485370636
0.00896048545837
0.018146276474
0.01360845565796
0.01392030715942
0.00765466690063
0.01704883575439
0.0161509513855
0.01595520973206
0.00974655151367
0.01467347145081
0.01357650756836
0.01821875572205
0.01142001152039
0.01645469665527
0.01639699935913
0.01571893692017
0.00915741920471
0.01774430274963
0.01771116256714
0.01753902435303
0.01113080978394
0.01550650596619
0.01442456245422
0.01440453529358
0.00853633880615
0.01726412773132
0.01754283905029
0.01701807975769
0.01064848899841
0.01497006416321
0.01495504379272
0.01476240158081
0.00866007804871
0.01789498329163
0.01741504669189
0.0170750617981
0.01062989234924
0.01495790481567
0.0145103931427
0.01484560966492
0.0088005065918
0.0180881023407
0.01812767982483
0.01773953437805
0.01096773147583
0.01481151580811
0.01411175727844
0.01370596885681
0.01158905029297
0.01639914512634
0.01689267158508
0.01663970947266
0.01075553894043
0.01541709899902
0.0152325630188
0.01459097862244
0.00795531272888
0.01781010627747
0.01717114448547
0.01704025268555
0.01098680496216
0.01551175117493
0.01525926589966
0.01554727554321
0.0090320110321
0.01828289031982
0.01776480674744
0.01714730262756
0.01109623908997
0.01545000076294
0.01580238342285
0.01550650596619
0.00978684425354
0.01461482048035
0.01446056365967
0.01453399658203
0.00851488113403
0.017578125
0.01764702796936
0.0177948474884
0.01093482971191
0.01539659500122
0.01558876037598
0.01570963859558
0.01008987426758
0.01465773582458
0.01485705375671
0.01518869400024
0.00889468193054
0.01796197891235
0.01384615898132
0.01408863067627
0.00773358345032
0.01720118522644
0.01742649078369
0.01756858825684
0.01117920875549
0.01573181152344
0.01598072052002
0.01606392860413
0.00998759269714
0.01446056365967
0.01483178138733
0.01507019996643
0.00866484642029
0.01762962341309
0.01746940612793
0.01695346832275
0.01088261604309
0.01595664024353
0.01610088348389
0.01604890823364
0.00997138023376
0.01445698738098
0.01394605636597
0.01389026641846
0.01218271255493
0.01649308204651
0.01632499694824
0.01599740982056
0.01021313667297
0.01488208770752
0.01514172554016
0.01535320281982
0.00936102867126
0.01389336585999
0.0146050453186
0.01448655128479
0.00799155235291
0.01683616638184
0.01666903495789
0.01690149307251
0.01080942153931
0.01498746871948
0.01551103591919
0.01497578620911
0.00907588005066
0.01768112182617
0.01621198654175
0.01473879814148
0.00737357139587
0.01648736000061
0.01646828651428
0.01588320732117
0.00963234901428
0.01417708396912
0.01405000686646
0.01471590995789
0.00835728645325
0.01692080497742
0.01707649230957
0.01716351509094
0.01043319702148
0.01462078094482
0.01451230049133
0.01374745368958
0.00820350646973
0.01744842529297
0.01744031906128
0.01777601242065
0.01096200942993
0.01592755317688
0.01589417457581
0.01537561416626
0.00920867919922
0.01824426651001
0.01795983314514
0.01726722717285
0.01070523262024
0.01498317718506
0.01530003547668
0.01543760299683
0.00931453704834
0.0178804397583
0.01799011230469
0.01760315895081
0.01140904426575
0.01605844497681
0.01606917381287
0.0162627696991
0.01040101051331
0.01515674591064
0.01499438285828
0.01465034484863
0.00787115097046
0.01707220077515
0.01713490486145
0.01689910888672
0.0105767250061
0.01512503623962
0.01491165161133
0.01511120796204
0.00938558578491
0.01368021965027
0.01367282867432
0.01399683952332
0.00742506980896
0.01649641990662
0.01629400253296
0.01641607284546
0.01051592826843
0.01499629020691
0.014732837677
0.01470637321472
0.00867509841919
0.01803302764893
0.01359629631042
0.01822280883789
0.01140856742859
0.01597166061401
0.01598906517029
0.01600575447083
0.00954341888428
0.01391243934631
0.01370406150818
0.01820540428162
0.00814199447632
0.01731848716736
0.01746296882629
0.01767730712891
0.01109433174133
0.01530575752258
0.01531004905701
0.01567077636719
0.00971794128418
0.01456761360168
0.01389622688293
0.01390695571899
0.00803709030151
0.01745247840881
0.01763129234314
0.01778626441956
0.01156616210938
0.01625537872314
0.01663756370544
0.01692152023315
0.01112866401672
0.01576089859009
0.01562809944153
0.01554775238037
0.00972151756287
0.01424622535706
0.0136821269989
0.01792693138123
0.01151657104492
0.01619696617126
0.01628088951111
0.01617383956909
0.01043009757996
0.01519370079041
0.01536440849304
0.01556611061096
0.00981593132019
0.01432085037231
0.01475238800049
0.01423311233521
0.00786447525024
0.01714849472046
0.01662969589233
0.01631879806519
0.01016306877136
0.01465010643005
0.01443982124329
0.0142126083374
0.00865721702576
0.01791143417358
0.01786971092224
0.01757502555847
0.0117666721344
0.01657056808472
0.01672673225403
0.0169780254364
0.01126909255981
0.01597785949707
0.01559281349182
0.01553511619568
0.0091495513916
0.01400256156921
0.01379299163818
0.01404452323914
0.00726985931396
0.01625037193298
0.01621246337891
0.01591634750366
0.00966167449951
0.01434516906738
0.01459097862244
0.01467609405518
0.00864791870117
0.01795840263367
0.0180516242981
0.01815319061279
0.0121009349823
0.01599097251892
0.01484704017639
0.01505446434021
0.00844788551331
0.0176374912262
0.01869130134583
0.01330041885376
0.01126313209534
0.01553440093994
0.0153489112854
0.01540231704712
0.00924849510193
0.01397299766541
0.01429748535156
0.01410818099976
0.0076379776001
0.01678133010864
0.0174081325531
0.01729941368103
0.0110878944397
0.01581311225891
0.01594662666321
0.01621460914612
0.01032185554504
0.0151526927948
0.01593208312988
0.01536798477173
0.00858569145203
0.01764345169067
0.01734662055969
0.01728701591492
0.01071310043335
0.0153660774231
0.0150842666626
0.01506876945496
0.0091245174408
0.01371812820435
0.01791310310364
0.0177538394928
0.01121878623962
0.01637816429138
0.01653814315796
0.01659440994263
0.01080632209778
0.01489877700806
0.01516723632812
0.01523995399475
0.00892806053162
0.01794385910034
0.0173614025116
0.01717591285706
0.01084637641907
0.01539850234985
0.01481103897095
0.01505136489868
0.00868248939514
0.01787853240967
0.017982006073
0.01754784584045
0.01114225387573
0.01548051834106
0.01538515090942
0.0155200958252
0.00988245010376
0.01440238952637
0.01368188858032
0.01821875572205
0.0117552280426
0.01682734489441
0.01701259613037
0.01661705970764
0.01050734519958
0.01512980461121
0.0157687664032
0.01616168022156
0.01038694381714
0.01520991325378
0.01564645767212
0.01543807983398
0.00951910018921
0.01413583755493
0.01362705230713
0.01379561424255
0.00803303718567
0.01740169525146
0.01755452156067
0.01759886741638
0.01127123832703
0.0160915851593
0.01625156402588
0.01485800743103
0.00861358642578
0.01770424842834
0.01805019378662
0.01773524284363
0.0115978717804
0.01642394065857
0.0162661075592
0.01669549942017
0.01046442985535
0.01538920402527
0.0154070854187
0.01533770561218
0.00978016853333
0.01415276527405
0.01416182518005
0.01409673690796
0.00803208351135
0.01746320724487
0.01778221130371
0.01788997650146
0.01165223121643
0.01605534553528
0.01605081558228
0.01643562316895
0.01030850410461
0.01475882530212
0.01522612571716
0.01518797874451
0.00876331329346
0.01797270774841
0.01801919937134
0.01799821853638
0.0119001865387
0.01644086837769
0.01630067825317
0.01623558998108
0.01004314422607
0.01418232917786
0.01371097564697
0.0178120136261
0.01091384887695
0.01559472084045
0.01547765731812
0.01543879508972
0.00961232185364
0.01442551612854
0.01435399055481
0.01465892791748
0.00853586196899
0.01803374290466
0.01388716697693
0.01436305046082
0.00766968727112
0.01671743392944
0.01664113998413
0.01684260368347
0.01072430610657
0.01466059684753
0.01489353179932
0.01589441299438
0.0101752281189
0.01483106613159
0.01621055603027
0.01492500305176
0.00829386711121
0.01718902587891
0.01687097549438
0.01641798019409
0.01035261154175
0.01471543312073
0.01410150527954
0.01806449890137
0.01102590560913
0.01527380943298
0.01508903503418
0.01483845710754
0.00890803337097
0.01815938949585
0.01745629310608
0.01728439331055
0.01114177703857
0.01573300361633
0.01585531234741
0.01578688621521
0.00957441329956
0.01425313949585
0.01400804519653
0.01412987709045
0.0079824924469
0.01696372032166
0.01731038093567
0.01725029945374
0.01072859764099
0.01526021957397
0.01443433761597
0.01436352729797
0.00808811187744
0.01659917831421
0.01625204086304
0.01647210121155
0.01013684272766
0.01428461074829
0.01821041107178
0.01784467697144
0.01149940490723
0.01637578010559
0.01589751243591
0.01550388336182
0.00925827026367
0.01405167579651
0.01796841621399
0.01772117614746
0.0114119052887
0.01653051376343
0.01613593101501
0.01567244529724
0.00935792922974
0.01406598091125
0.01388549804688
0.01830697059631
0.01151347160339
0.01613426208496
0.01623964309692
0.01676845550537
0.01077938079834
0.01515865325928
0.01433157920837
0.01397728919983
0.00745320320129
0.01655292510986
0.01590991020203
0.01583099365234
0.00916647911072
0.01393532752991
0.01764154434204
0.01713848114014
0.0106782913208
0.01494145393372
0.01379466056824
0.01793670654297
0.01128721237183
0.01619267463684
0.01519441604614
0.01525235176086
0.0088586807251
0.01787209510803
0.01754260063171
0.01788568496704
0.01098442077637
0.01525402069092
0.0154983997345
0.01594972610474
0.0094997882843
0.01350402832031
0.01816082000732
0.01391196250916
0.00777459144592
0.01678729057312
0.01615071296692
